null 16.91000000000041 30.0 508.0 2416.0 0.0 0.0 2 2 4
7 1 shovel 89 log 49 grass 203 dirt 13 muffin 15 gnomehat 16 leaves 
live_muffin 300.97328518673606 2412.778187537905 -0.173878182688197 -1.1962456946239781 1 1 20.0 20.0 livestock 3.0
dwarf1 135.39999999999998 2433.4833658603316 0.2 -1.2133170698342592 1 2 10.0 10.0 enemy 3.0
dwarf3 125.4 2466.8082783998157 0.2 0.6549337846082931 1 2 10.0 10.0 enemy 3.0
dwarf3 135.39999999999998 2430.357894392945 0.2 0.5841093862128188 1 2 10.0 10.0 enemy 3.0
dwarf3 125.4 2468.803941615665 0.2 -0.3430291921676719 1 2 10.0 10.0 enemy 3.0
live_muffin 529.0124906348484 2400.4825305864515 0.21735965251490685 0.5041175900605587 1 1 20.0 20.0 livestock 3.0
live_muffin 387.0595393819631 2409.660975452276 -0.3081492870568512 0.019072223873776245 1 1 20.0 20.0 livestock 3.0
live_muffin 411.1489037799575 2396.0848317124037 -0.30871619120811944 1.182671175460604 1 1 12.0 20.0 livestock 3.0
gnomehat 189.0 2431.0 0.0 0.0 1 1 100.0 100.0 droppeditem 1.0
gnomehat 200.0 2399.0 0.0 0.0 1 1 100.0 100.0 droppeditem 1.0
shovel 306.0 2507.0 0.0 0.0 1 1 100.0 100.0 droppeditem 1.0
stationary:
